Filling:                                                     
                                                    
                000 001 002                         
                010 011 012                         
        000 010 020 021 022 012 002 001 000         
        100 110 120 121 122 112 102 101 100         
        200 210 220 221 222 212 202 201 200         
                210 211 212                         
                200 201 202                         
                                                    
                                                    

Filling:                                                     
                                                    
                000 001 002                         
                100 101 102                         
        000 100 200 201 202 102 002 001 000         
        010 110 210 211 212 112 012 011 010         
        020 120 220 221 222 122 022 021 020         
                120 121 122                         
                020 021 022                         
                                                    
                                                    

